date,deaths_new,cases_new,cases_active,icu,icu_vent,hosp,hosp_new,rtk-ag,pcr,daily_partial,daily_full,daily_booster,cumul_full,cases_new_lag7,cases_new_lag14,icu_lag7,cumul_full_lag14,deaths_new_7d_avg,cases_new_7d_avg,hosp_new_7d_avg,daily_full_7d_avg
2021-11-15,53,5143,65959,526,250,4610,623,149747,27707,6251,27796,72454,25329020,4543.0,4626.0,534.0,24889072.0,54.285714285714285,5800.0,677.2857142857143,29828.85714285714
2021-11-16,40,5413,65319,545,264,4711,630,109082,37152,6960,26942,91276,25355962,5403.0,5071.0,542.0,24948289.0,48.857142857142854,5801.428571428572,671.0,29112.85714285714
2021-11-17,68,6288,66796,536,251,4636,678,105970,35193,6490,21582,94553,25377544,6243.0,5291.0,544.0,24993516.0,50.142857142857146,5807.857142857143,667.2857142857143,26461.285714285714
2021-11-18,55,6380,67361,541,263,4647,697,90805,32469,7402,21850,99210,25399394,6323.0,5713.0,538.0,25013227.0,51.0,5816.0,667.7142857142857,23088.714285714286
2021-11-19,45,6355,68640,542,268,4554,705,82113,30566,6899,18027,84104,25417421,6517.0,4922.0,542.0,25045273.0,51.57142857142857,5792.857142857143,666.8571428571429,20644.14285714286
2021-11-20,41,5859,69488,532,261,4529,647,63460,27669,3205,6775,38492,25424196,5809.0,4701.0,527.0,25059351.0,49.57142857142857,5800.0,659.2857142857143,19225.285714285714
2021-11-21,24,4854,68793,541,267,4449,560,69282,21779,2762,5318,31150,25429514,5162.0,4343.0,524.0,25074225.0,46.57142857142857,5756.0,648.5714285714286,18327.14285714286
2021-11-22,63,4885,67987,549,274,4445,593,133297,29706,5279,12549,95168,25442063,5143.0,4543.0,526.0,25120218.0,48.0,5719.142857142857,644.2857142857143,16149.0
2021-11-23,47,5594,68626,532,266,4462,717,104326,37018,5518,11198,123312,25453261,5413.0,5403.0,545.0,25152172.0,49.0,5745.0,656.7142857142857,13899.857142857143
2021-11-24,37,5755,69262,506,270,4426,676,103869,36991,5435,9146,128639,25462407,6288.0,6243.0,536.0,25192315.0,44.57142857142857,5668.857142857143,656.4285714285714,12123.285714285714
2021-11-25,48,6144,68756,516,272,4510,645,94368,29707,6046,6471,131307,25468878,6380.0,6323.0,541.0,25237773.0,43.57142857142857,5635.142857142857,649.0,9926.285714285714
2021-11-26,45,5501,67548,513,260,4499,594,70616,29871,5096,7109,104542,25475987,6355.0,6517.0,542.0,25272912.0,43.57142857142857,5513.142857142857,633.1428571428571,8366.57142857143
2021-11-27,40,5097,67253,510,258,4250,553,56325,28599,2642,5650,48565,25481637,5859.0,5809.0,532.0,25289619.0,43.42857142857143,5404.285714285715,619.7142857142857,8205.857142857143
2021-11-28,29,4239,66456,519,261,3798,538,70390,21549,2185,3838,37880,25485475,4854.0,5162.0,541.0,25301224.0,44.142857142857146,5316.428571428572,616.5714285714286,7994.428571428572
2021-11-29,61,4087,65498,507,272,4210,496,116418,30871,4677,7279,100387,25492754,4885.0,5143.0,549.0,25329020.0,43.857142857142854,5202.428571428572,602.7142857142857,7241.571428571428
2021-11-30,55,4879,65154,512,252,4093,620,105200,40665,4838,9225,125271,25501979,5594.0,5413.0,532.0,25355962.0,45.0,5100.285714285715,588.8571428571429,6959.714285714285
2021-12-01,49,5439,63741,500,258,4070,635,97716,35787,4870,8674,133482,25510653,5755.0,6288.0,506.0,25377544.0,46.714285714285715,5055.142857142857,583.0,6892.285714285715
2021-12-02,47,5806,62254,510,266,3972,592,84072,32965,5543,9498,139929,25520151,6144.0,6380.0,516.0,25399394.0,46.57142857142857,5006.857142857143,575.4285714285714,7324.714285714285
2021-12-03,17,5551,62487,498,269,3972,602,73835,31879,4521,7307,117870,25527458,5501.0,6355.0,513.0,25417421.0,42.57142857142857,5014.0,576.5714285714286,7353.0
2021-12-04,36,4896,62671,490,269,3946,559,59322,30687,3294,4863,64026,25532321,5097.0,5859.0,510.0,25424196.0,42.0,4985.285714285715,577.4285714285714,7240.571428571428
2021-12-05,40,4298,62001,471,264,3453,466,70675,24428,1760,3432,52202,25535753,4239.0,4854.0,519.0,25429514.0,43.57142857142857,4993.714285714285,567.1428571428571,7182.571428571428
2021-12-06,38,4262,60331,463,249,3774,488,130045,30662,4934,7040,90586,25542793,4087.0,4885.0,507.0,25442063.0,40.285714285714285,5018.714285714285,566.0,7148.428571428572
2021-12-07,66,4965,60413,445,240,3773,537,107691,42531,4792,7325,117612,25550118,4879.0,5594.0,512.0,25453261.0,41.857142857142854,5031.0,554.1428571428571,6877.0
2021-12-08,28,5020,60880,435,237,3744,575,106894,39484,4909,6974,118786,25557092,5439.0,5755.0,500.0,25462407.0,38.857142857142854,4971.142857142857,545.5714285714286,6634.142857142857
2021-12-09,41,5446,60858,427,232,3715,591,92997,32646,5012,8420,132898,25565512,5806.0,6144.0,510.0,25468878.0,38.0,4919.714285714285,545.4285714285714,6480.142857142857
2021-12-10,44,5058,60875,403,212,3710,583,79782,35022,3942,7518,117183,25573030,5551.0,5501.0,498.0,25475987.0,41.857142857142854,4849.285714285715,542.7142857142857,6510.285714285715
2021-12-11,31,4626,60780,404,211,3643,506,60783,30685,1467,2909,69814,25575939,4896.0,5097.0,490.0,25481637.0,41.142857142857146,4810.714285714285,535.1428571428571,6231.142857142857
2021-12-12,17,3490,58854,407,216,3564,447,79576,25483,1505,2560,65747,25578499,4298.0,4239.0,471.0,25485475.0,37.857142857142854,4695.285714285715,532.4285714285714,6106.571428571428
2021-12-13,29,3504,57928,408,206,3526,432,127822,32539,4115,5586,124393,25584085,4262.0,4087.0,463.0,25492754.0,36.57142857142857,4587.0,524.4285714285714,5898.857142857143
2021-12-14,48,4097,57676,382,201,3467,533,97809,39591,4158,5669,156940,25589754,4965.0,4879.0,445.0,25501979.0,34.0,4463.0,523.8571428571429,5662.285714285715
2021-12-15,33,3900,56991,384,213,3423,480,110227,37034,4261,5856,164862,25595610,5020.0,5439.0,435.0,25510653.0,34.714285714285715,4303.0,510.2857142857143,5502.571428571428
2021-12-16,37,4262,56231,384,198,3296,423,91581,33616,4474,6690,166403,25602300,5446.0,5806.0,427.0,25520151.0,34.142857142857146,4133.857142857143,486.2857142857143,5255.428571428572
2021-12-17,18,4362,55477,400,198,3192,466,78413,31077,3121,5189,157450,25607489,5058.0,5551.0,403.0,25527458.0,30.428571428571427,4034.4285714285716,469.57142857142856,4922.714285714285
2021-12-18,29,4083,54096,391,215,3122,436,62603,30918,1181,2398,70501,25609887,4626.0,4896.0,404.0,25532321.0,30.142857142857142,3956.8571428571427,459.57142857142856,4849.714285714285
2021-12-19,19,3108,53484,389,210,3056,361,67749,24185,1346,2278,77609,25612165,3490.0,4298.0,407.0,25535753.0,30.428571428571427,3902.285714285714,447.2857142857143,4809.428571428572
2021-12-20,43,2589,52220,379,210,2921,279,114220,31012,3393,4773,141743,25616938,3504.0,4262.0,408.0,25542793.0,32.42857142857143,3771.5714285714284,425.42857142857144,4693.285714285715
2021-12-21,57,3140,51026,353,189,2818,434,100683,38066,3311,4800,164137,25621738,4097.0,4965.0,382.0,25550118.0,33.714285714285715,3634.8571428571427,411.2857142857143,4569.142857142857
2021-12-22,30,3519,49397,338,186,2635,405,97297,34113,3311,5041,173522,25626779,3900.0,5020.0,384.0,25557092.0,33.285714285714285,3580.4285714285716,400.57142857142856,4452.714285714285
2021-12-23,44,3510,47866,330,180,2713,407,87440,29044,3626,5657,173015,25632436,4262.0,5446.0,384.0,25565512.0,34.285714285714285,3473.0,398.2857142857143,4305.142857142857
2021-12-24,25,3528,46886,339,180,2692,398,70747,29315,2319,4198,138161,25636634,4362.0,5058.0,400.0,25573030.0,35.285714285714285,3353.8571428571427,388.57142857142856,4163.571428571428
2021-12-25,25,3160,45601,324,175,2656,344,56395,27003,529,1441,24337,25638075,4083.0,4626.0,391.0,25575939.0,34.714285714285715,3222.0,375.42857142857144,4026.8571428571427
2021-12-26,19,2778,44821,306,170,2668,360,66191,20110,880,1566,63370,25639641,3108.0,3490.0,389.0,25578499.0,34.714285714285715,3174.8571428571427,375.2857142857143,3925.1428571428573
2021-12-27,35,2757,42923,297,169,2673,333,112119,28218,3352,5479,124315,25645120,2589.0,3504.0,379.0,25584085.0,33.57142857142857,3198.8571428571427,383.0,4026.0
2021-12-28,23,2897,42363,302,169,2612,410,95913,34055,3496,5113,149099,25650233,3140.0,4097.0,353.0,25589754.0,28.714285714285715,3164.1428571428573,379.57142857142856,4070.714285714286
2021-12-29,36,3683,41688,288,162,2639,374,93365,32755,3452,5304,181697,25655537,3519.0,3900.0,338.0,25595610.0,29.571428571428573,3187.5714285714284,375.14285714285717,4108.285714285715
2021-12-30,34,3997,41667,281,155,2621,395,80034,28452,3497,5134,201705,25660671,3510.0,4262.0,330.0,25602300.0,28.142857142857142,3257.1428571428573,373.42857142857144,4033.5714285714284
2021-12-31,25,3573,41227,269,163,2664,386,65695,26830,2792,4774,178680,25665445,3528.0,4362.0,339.0,25607489.0,28.142857142857142,3263.5714285714284,371.7142857142857,4115.857142857143
2022-01-01,26,3386,41040,273,159,2621,367,48473,23214,544,911,40906,25666356,3160.0,4083.0,324.0,25609887.0,28.285714285714285,3295.8571428571427,375.0,4040.1428571428573
2022-01-02,19,2882,40612,284,156,2588,307,70895,19858,1376,1538,93892,25667894,2778.0,3108.0,306.0,25612165.0,28.285714285714285,3310.714285714286,367.42857142857144,4036.1428571428573
2022-01-03,28,2690,39739,265,147,2524,306,123822,28549,2876,4188,207128,25672082,2757.0,2589.0,297.0,25616938.0,27.285714285714285,3301.1428571428573,363.57142857142856,3851.714285714286
2022-01-04,31,2842,39688,252,134,2572,358,103150,37867,2944,4297,239482,25676379,2897.0,3140.0,302.0,25621738.0,28.428571428571427,3293.285714285714,356.14285714285717,3735.1428571428573
2022-01-05,18,3270,39745,257,137,2512,363,95586,33145,2848,4362,243490,25680741,3683.0,3519.0,288.0,25626779.0,25.857142857142858,3234.285714285714,354.57142857142856,3600.5714285714284
2022-01-06,19,3543,39785,253,130,2577,392,83025,28721,3007,4892,250252,25685633,3997.0,3510.0,281.0,25632436.0,23.714285714285715,3169.4285714285716,354.14285714285717,3566.0
2022-01-07,16,3381,39703,254,114,2502,387,78894,27388,2800,3700,215488,25689333,3573.0,3528.0,269.0,25636634.0,22.428571428571427,3142.0,354.2857142857143,3412.5714285714284
2022-01-08,11,3251,39782,253,115,2547,363,65561,27678,1275,1316,125301,25690649,3386.0,3160.0,273.0,25638075.0,20.285714285714285,3122.714285714286,353.7142857142857,3470.4285714285716
2022-01-09,23,2888,39933,249,117,2550,364,77743,24072,985,1670,110114,25692319,2882.0,2778.0,284.0,25639641.0,20.857142857142858,3123.5714285714284,361.85714285714283,3489.285714285714
2022-01-10,18,2641,39748,253,106,2474,263,117851,26692,2197,3495,222462,25695814,2690.0,2757.0,265.0,25645120.0,19.428571428571427,3116.5714285714284,355.7142857142857,3390.285714285714
2022-01-11,27,3175,39919,229,99,2420,358,89839,30646,2231,3343,252808,25699157,2842.0,2897.0,252.0,25650233.0,18.857142857142858,3164.1428571428573,355.7142857142857,3254.0
2022-01-12,15,3198,39902,215,105,2522,390,88793,28814,2100,3471,255520,25702628,3270.0,3683.0,257.0,25655537.0,18.428571428571427,3153.8571428571427,359.57142857142856,3126.714285714286
2022-01-13,12,3684,40282,198,93,2460,307,54100,28853,2247,3666,266390,25706294,3543.0,3997.0,253.0,25660671.0,17.428571428571427,3174.0,347.42857142857144,2951.5714285714284
2022-01-14,12,3346,40564,204,95,2365,304,94986,25954,1817,2398,235624,25708692,3381.0,3573.0,254.0,25665445.0,16.857142857142858,3169.0,335.57142857142856,2765.5714285714284
